# Value  before after
274.88 1.0 0.0
275.38 0.0 1.0
276.0 1.0 0.0
276.5 0.0 1.0
279.5 1.0 0.0
279.62 1.0 0.0
280.0 0.0 1.0
280.12 0.0 1.0
283.38 1.0 0.0
283.88 0.0 1.0
286.62 1.0 0.0
287.12 0.0 1.0
288.5 1.0 0.0
289.0 0.0 1.0
309.75 1.0 0.0
310.25 0.0 1.0
311.62 1.0 0.0
311.75 1.0 0.0
312.12 0.0 1.0
312.25 0.0 1.0
312.38 1.0 0.0
312.75 1.0 0.0
312.88 1.0 1.0
313.25 0.0 1.0
313.38 0.0 1.0
313.75 1.0 0.0
313.88 1.0 0.0
314.25 1.0 1.0
314.5 1.0 1.0
314.62 1.0 0.0
314.75 0.0 1.0
315.0 0.0 1.0
315.12 0.0 1.0
315.25 2.0 0.0
315.62 1.0 0.0
315.75 0.0 2.0
315.88 1.0 0.0
316.12 0.0 1.0
316.25 1.0 0.0
316.38 0.0 1.0
316.88 0.0 1.0
317.62 1.0 0.0
318.12 0.0 1.0
318.25 1.0 0.0
318.75 0.0 1.0
321.12 1.0 0.0
321.62 0.0 1.0
322.88 1.0 0.0
323.38 0.0 1.0
337.5 1.0 0.0
338.0 0.0 1.0
338.88 1.0 0.0
339.38 0.0 1.0
340.88 1.0 0.0
341.25 1.0 0.0
341.38 1.0 1.0
341.75 0.0 1.0
341.88 0.0 1.0
342.88 1.0 0.0
343.38 0.0 1.0
344.5 1.0 0.0
344.88 1.0 0.0
345.0 0.0 1.0
345.25 1.0 0.0
345.38 0.0 1.0
345.75 1.0 1.0
346.25 0.0 1.0
346.38 1.0 0.0
347.12 0.0 1.0
347.62 1.0 0.0
348.12 0.0 1.0
348.38 1.0 0.0
348.75 1.0 0.0
349.25 0.0 1.0
349.38 0.0 1.0
353.88 1.0 0.0
354.88 0.0 1.0
355.88 2.0 0.0
356.38 0.0 1.0
356.88 1.0 1.0
357.38 0.0 1.0
359.0 1.0 0.0
359.5 0.0 1.0
364.25 1.0 0.0
364.75 0.0 1.0
368.0 1.0 0.0
368.5 0.0 1.0
372.25 1.0 0.0
372.62 1.0 0.0
372.88 1.0 0.0
373.12 0.0 1.0
373.25 0.0 1.0
373.62 0.0 1.0
374.25 1.0 0.0
374.62 2.0 0.0
374.75 0.0 1.0
375.0 1.0 0.0
375.12 0.0 2.0
375.38 1.0 0.0
375.5 0.0 1.0
375.88 0.0 1.0
377.38 1.0 0.0
377.88 0.0 1.0
379.75 1.0 0.0
380.25 0.0 1.0
526.12 1.0 0.0
526.62 0.0 1.0
534.88 2.0 0.0
535.38 0.0 2.0
536.75 3.0 0.0
537.25 0.0 3.0
537.38 1.0 0.0
537.88 0.0 1.0
543.88 1.0 0.0
544.38 0.0 1.0
546.75 1.0 0.0
547.25 0.0 1.0
555.12 1.0 0.0
555.62 0.0 1.0
558.5 1.0 0.0
559.0 0.0 1.0
563.38 1.0 0.0
563.88 1.0 1.0
564.38 0.0 1.0
567.25 1.0 0.0
567.75 0.0 1.0
570.5 1.0 0.0
571.0 0.0 1.0
571.75 1.0 0.0
572.88 0.0 1.0
573.75 1.0 0.0
574.25 0.0 1.0
585.0 1.0 0.0
585.5 0.0 1.0
587.62 1.0 0.0
587.88 1.0 0.0
588.12 0.0 1.0
588.25 1.0 0.0
588.38 1.0 1.0
588.75 0.0 1.0
588.88 0.0 1.0
613.5 1.0 0.0
614.0 0.0 1.0
622.38 1.0 0.0
622.88 0.0 1.0
623.38 1.0 0.0
623.75 1.0 0.0
623.88 0.0 1.0
624.25 0.0 1.0
624.38 1.0 0.0
624.75 1.0 0.0
624.88 0.0 1.0
625.25 0.0 1.0
649.75 1.0 0.0
650.25 0.0 1.0
822.62 1.0 0.0
823.12 0.0 1.0
841.12 1.0 0.0
841.62 0.0 1.0
849.0 1.0 0.0
849.5 0.0 1.0
905.12 1.0 0.0
905.62 0.0 1.0
906.12 1.0 0.0
906.62 0.0 1.0
907.0 1.0 0.0
907.5 0.0 1.0
909.88 1.0 0.0
910.38 1.0 1.0
910.88 0.0 1.0
933.75 1.0 0.0
933.88 1.0 0.0
934.0 1.0 0.0
934.25 0.0 1.0
934.38 0.0 1.0
934.5 0.0 1.0
1273.88 1.0 0.0
1274.38 0.0 1.0
1276.5 1.0 0.0
1277.5 0.0 1.0
1279.38 1.0 0.0
1279.88 0.0 1.0
1283.62 1.0 0.0
1284.12 0.0 1.0
1287.25 2.0 0.0
1287.75 0.0 2.0
1293.0 1.0 0.0
1293.5 0.0 1.0
1299.5 1.0 0.0
1300.25 0.0 1.0
1304.88 1.0 0.0
1305.38 0.0 1.0
1372.5 1.0 0.0
1373.0 0.0 1.0
2962.62 1.0 0.0
2963.12 0.0 1.0
2963.88 1.0 0.0
2964.38 0.0 1.0
2965.38 1.0 0.0
2965.88 1.0 1.0
2966.0 1.0 0.0
2966.38 1.0 1.0
2966.5 0.0 1.0
2966.88 0.0 1.0
2969.0 1.0 0.0
2969.5 0.0 1.0
2972.75 1.0 0.0
2973.25 0.0 1.0
2978.75 1.0 0.0
2979.25 0.0 1.0
2983.62 1.0 0.0
2983.75 1.0 0.0
2983.88 1.0 0.0
2984.12 1.0 1.0
2984.25 0.0 1.0
2984.38 0.0 1.0
2984.62 0.0 1.0
2986.38 1.0 0.0
2986.88 0.0 1.0
2987.5 1.0 0.0
2988.0 0.0 1.0
3243.62 1.0 0.0
3244.12 0.0 1.0
3255.38 1.0 0.0
3255.88 0.0 1.0
3271.12 1.0 0.0
3271.62 0.0 1.0
3295.62 1.0 0.0
3296.12 0.0 1.0
3297.12 1.0 0.0
3297.5 2.0 0.0
3297.62 0.0 1.0
3298.0 0.0 2.0
5534.88 1.0 0.0
5535.38 0.0 1.0
5568.12 1.0 0.0
5568.62 0.0 1.0
5574.12 1.0 0.0
5574.62 0.0 1.0
5584.12 1.0 0.0
5584.62 0.0 1.0
5591.38 1.0 0.0
5592.0 0.0 1.0
5593.25 1.0 0.0
5593.88 0.0 1.0
5594.12 1.0 0.0
5594.75 0.0 1.0
5595.62 1.0 0.0
5596.25 0.0 1.0
5599.88 1.0 0.0
5600.38 0.0 1.0
5610.75 1.0 0.0
5611.38 0.0 1.0
5619.75 1.0 0.0
5620.25 0.0 1.0
5656.75 1.0 0.0
5657.38 0.0 1.0
5784.88 1.0 0.0
5785.5 0.0 1.0
5788.12 1.0 0.0
5788.62 0.0 1.0
