# Value  before after
2.0 8.0 0.0
3.0 3.0 4.0
4.0 3.0 4.0
5.0 1.0 3.0
6.0 0.0 2.0
8.0 0.0 1.0
9.0 1.0 1.0
10.0 0.0 1.0
11.0 1.0 0.0
12.0 1.0 1.0
13.0 2.0 0.0
14.0 1.0 1.0
17.0 0.0 2.0
18.0 0.0 1.0
22.0 2.0 0.0
23.0 1.0 0.0
24.0 0.0 1.0
25.0 2.0 1.0
27.0 0.0 2.0
28.0 0.0 1.0
29.0 1.0 0.0
31.0 1.0 1.0
33.0 1.0 1.0
34.0 1.0 0.0
35.0 0.0 1.0
38.0 0.0 1.0
64.0 2.0 0.0
65.0 1.0 2.0
68.0 0.0 1.0
72.0 1.0 0.0
74.0 0.0 1.0
76.0 1.0 0.0
80.0 0.0 1.0
91.0 1.0 0.0
92.0 0.0 1.0
110.0 1.0 0.0
114.0 0.0 1.0
132.0 1.0 0.0
135.0 0.0 1.0
175.0 1.0 0.0
176.0 0.0 1.0
260.0 1.0 0.0
264.0 0.0 1.0
362.0 1.0 0.0
366.0 0.0 1.0
461.0 1.0 0.0
464.0 0.0 1.0
469.0 1.0 0.0
473.0 1.0 0.0
474.0 0.0 1.0
476.0 0.0 1.0
644.0 1.0 0.0
647.0 0.0 1.0
746.0 1.0 0.0
748.0 0.0 1.0
830.0 1.0 0.0
831.0 0.0 1.0
885.0 1.0 0.0
886.0 0.0 1.0
888.0 1.0 0.0
889.0 0.0 1.0
947.0 1.0 0.0
949.0 0.0 1.0
1116.0 1.0 0.0
1117.0 0.0 1.0
1371.0 1.0 0.0
1372.0 0.0 1.0
1417.0 1.0 0.0
1418.0 0.0 1.0
1600.0 1.0 0.0
1602.0 0.0 1.0
1711.0 1.0 0.0
1712.0 0.0 1.0
1856.0 1.0 0.0
1861.0 0.0 1.0
1975.0 1.0 0.0
1976.0 0.0 1.0
2194.0 1.0 0.0
2197.0 0.0 1.0
2284.0 1.0 0.0
2287.0 0.0 1.0
2451.0 1.0 0.0
2452.0 0.0 1.0
4013.0 1.0 0.0
4017.0 0.0 1.0
7848.0 1.0 0.0
7850.0 0.0 1.0
8698.0 1.0 0.0
8702.0 0.0 1.0
55711.0 1.0 0.0
55713.0 0.0 1.0
