# Value  before after
3.0 69.0 0.0
4.0 31.0 68.0
5.0 10.0 31.0
6.0 3.0 11.0
7.0 4.0 3.0
8.0 3.0 4.0
9.0 1.0 3.0
10.0 3.0 1.0
11.0 4.0 3.0
12.0 2.0 4.0
13.0 1.0 2.0
14.0 0.0 1.0
17.0 1.0 0.0
18.0 1.0 1.0
19.0 1.0 1.0
20.0 0.0 1.0
22.0 1.0 0.0
23.0 0.0 1.0
25.0 2.0 0.0
26.0 0.0 2.0
28.0 1.0 0.0
29.0 0.0 1.0
33.0 1.0 0.0
34.0 0.0 1.0
35.0 1.0 0.0
36.0 0.0 1.0
38.0 1.0 0.0
39.0 0.0 1.0
42.0 1.0 0.0
43.0 0.0 1.0
48.0 1.0 0.0
49.0 0.0 1.0
58.0 1.0 0.0
59.0 0.0 1.0
63.0 1.0 0.0
64.0 0.0 1.0
80.0 1.0 0.0
81.0 0.0 1.0
88.0 1.0 0.0
89.0 0.0 1.0
187.0 1.0 0.0
188.0 0.0 1.0
