# Value  before after
0.0 1.0 1.0
0.98 1.0 0.0
1.02 0.0 1.0
1.07 1.0 0.0
1.13 0.0 1.0
1.71 1.0 0.0
1.76 0.0 1.0
1.83 1.0 0.0
1.9 0.0 1.0
2.02 2.0 0.0
2.06 0.0 1.0
2.12 0.0 1.0
2.24 1.0 0.0
2.26 1.0 0.0
2.34 1.0 2.0
2.41 1.0 0.0
2.46 0.0 1.0
2.49 0.0 1.0
2.63 1.0 0.0
2.67 1.0 0.0
2.68 0.0 1.0
2.75 0.0 1.0
2.78 1.0 0.0
2.87 0.0 1.0
2.94 1.0 0.0
2.98 2.0 0.0
3.01 0.0 1.0
3.02 0.0 1.0
3.03 0.0 1.0
3.23 1.0 0.0
3.29 0.0 1.0
3.61 1.0 0.0
3.67 0.0 1.0
4.42 1.0 0.0
4.51 0.0 1.0
4.52 1.0 0.0
4.57 2.0 0.0
4.6 1.0 0.0
4.64 0.0 2.0
4.79 0.0 1.0
4.87 0.0 1.0
4.94 1.0 0.0
5.02 1.0 0.0
5.06 1.0 0.0
5.1 1.0 1.0
5.16 0.0 1.0
5.18 0.0 1.0
5.19 0.0 1.0
5.22 1.0 0.0
5.43 0.0 1.0
5.48 1.0 0.0
5.61 1.0 0.0
5.72 0.0 1.0
5.75 0.0 1.0
6.15 1.0 0.0
6.21 0.0 1.0
6.55 1.0 0.0
6.6 1.0 0.0
6.69 1.0 0.0
6.72 0.0 1.0
7.0 1.0 1.0
7.09 0.0 1.0
7.15 1.0 0.0
7.18 1.0 0.0
7.2 1.0 0.0
7.27 0.0 1.0
7.29 0.0 1.0
7.33 1.0 0.0
7.37 0.0 1.0
7.47 1.0 0.0
7.63 0.0 1.0
7.82 0.0 1.0
8.08 1.0 0.0
8.2 0.0 1.0
8.44 1.0 0.0
8.6 0.0 1.0
8.7 0.0 1.0
8.73 1.0 0.0
8.89 1.0 0.0
8.94 0.0 1.0
9.06 1.0 0.0
9.25 0.0 1.0
9.28 1.0 0.0
9.32 0.0 1.0
9.45 0.0 1.0
9.94 1.0 0.0
10.11 0.0 1.0
10.61 1.0 0.0
10.8 0.0 1.0
10.86 1.0 0.0
11.0 0.0 1.0
11.26 1.0 0.0
11.5 0.0 1.0
11.72 1.0 0.0
11.77 1.0 0.0
11.97 0.0 1.0
12.08 0.0 1.0
13.2 1.0 0.0
13.4 0.0 1.0
13.42 1.0 0.0
13.57 1.0 0.0
13.67 0.0 1.0
13.77 1.0 0.0
14.0 1.0 0.0
14.04 1.0 0.0
14.23 0.0 1.0
14.25 1.0 0.0
14.38 0.0 1.0
14.7 1.0 0.0
15.0 0.0 1.0
15.25 0.0 1.0
15.38 1.0 0.0
15.5 1.0 0.0
15.58 0.0 1.0
15.74 0.0 1.0
16.3 0.0 1.0
16.44 1.0 0.0
16.81 0.0 1.0
16.83 1.0 0.0
17.0 1.0 1.0
17.12 0.0 1.0
17.38 1.0 0.0
17.7 1.0 0.0
17.86 1.0 0.0
18.0 0.0 1.0
18.12 1.0 1.0
18.38 0.0 1.0
18.89 1.0 0.0
19.0 0.0 1.0
19.22 0.0 1.0
19.33 1.0 0.0
20.0 1.0 0.0
20.54 1.0 0.0
20.6 1.0 0.0
20.67 0.0 1.0
20.79 0.0 1.0
20.83 0.0 1.0
21.2 0.0 1.0
21.8 0.0 1.0
22.0 1.0 0.0
24.29 1.0 0.0
24.33 1.0 0.0
24.72 0.0 1.0
24.94 1.0 0.0
25.0 0.0 2.0
25.07 1.0 0.0
25.25 0.0 1.0
25.57 0.0 1.0
26.33 1.0 0.0
26.83 0.0 1.0
26.93 1.0 0.0
27.4 0.0 1.0
28.5 1.0 0.0
29.24 1.0 0.0
29.25 1.0 0.0
29.65 0.0 1.0
29.71 1.0 0.0
30.42 1.0 0.0
30.5 2.0 0.0
30.57 0.0 1.0
30.75 0.0 1.0
31.0 0.0 1.0
31.08 0.0 1.0
31.43 0.0 1.0
31.5 0.0 1.0
35.44 1.0 0.0
36.78 0.0 1.0
38.1 1.0 0.0
38.11 1.0 0.0
38.2 1.0 0.0
38.8 0.0 1.0
38.9 0.0 1.0
39.33 0.0 1.0
43.0 1.0 0.0
43.22 1.0 0.0
43.64 0.0 1.0
44.44 0.0 1.0
45.57 1.0 0.0
46.0 1.0 0.0
46.71 0.0 1.0
47.22 0.0 1.0
47.75 1.0 0.0
47.88 1.0 0.0
48.62 0.0 1.0
49.0 0.0 1.0
50.0 2.0 0.0
51.09 0.0 1.0
51.4 1.0 0.0
51.67 0.0 1.0
53.0 0.0 1.0
57.17 1.0 0.0
57.67 1.0 0.0
57.83 0.0 1.0
58.17 0.0 1.0
59.0 1.0 0.0
59.5 1.0 0.0
61.5 0.0 1.0
61.67 1.0 0.0
62.67 0.0 1.0
62.71 1.0 0.0
63.5 0.0 1.0
63.57 0.0 1.0
63.86 1.0 0.0
64.33 1.0 0.0
65.14 0.0 1.0
65.25 1.0 0.0
66.12 0.0 1.0
66.2 1.0 0.0
66.67 0.0 1.0
67.8 0.0 1.0
68.4 1.0 0.0
68.6 1.0 0.0
69.6 0.0 1.0
69.62 1.0 0.0
70.0 0.0 1.0
70.62 0.0 1.0
73.4 1.0 0.0
75.2 0.0 1.0
83.0 1.0 0.0
83.4 1.0 0.0
85.0 0.0 2.0
86.6 1.0 0.0
88.0 1.0 0.0
88.2 0.0 1.0
90.0 0.0 1.0
92.75 1.0 0.0
94.25 0.0 1.0
98.25 1.0 0.0
100.25 0.0 1.0
107.67 1.0 0.0
108.25 1.0 0.0
109.75 0.0 1.0
111.0 0.0 1.0
157.5 1.0 0.0
163.5 0.0 1.0
169.0 1.0 0.0
170.5 1.0 0.0
172.0 0.0 1.0
174.5 0.0 1.0
178.0 1.0 0.0
181.0 0.0 1.0
182.0 1.0 0.0
186.0 0.0 1.0
187.5 1.0 0.0
190.5 0.0 1.0
204.0 1.0 0.0
208.0 0.0 1.0
256.0 1.0 0.0
259.0 0.0 1.0
338.0 1.0 0.0
344.0 0.0 1.0
