# Value  before after
3.0 63.0 0.0
4.0 26.0 63.0
5.0 11.0 26.0
6.0 6.0 11.0
7.0 4.0 6.0
8.0 5.0 4.0
9.0 5.0 5.0
10.0 2.0 5.0
11.0 3.0 2.0
12.0 1.0 3.0
13.0 2.0 1.0
14.0 1.0 2.0
15.0 2.0 1.0
16.0 1.0 2.0
17.0 1.0 1.0
18.0 0.0 1.0
19.0 1.0 0.0
20.0 0.0 1.0
21.0 1.0 0.0
22.0 0.0 1.0
24.0 1.0 0.0
25.0 1.0 1.0
26.0 2.0 1.0
27.0 0.0 2.0
33.0 1.0 0.0
34.0 0.0 1.0
50.0 1.0 0.0
51.0 1.0 1.0
52.0 0.0 1.0
56.0 1.0 0.0
57.0 0.0 1.0
66.0 1.0 0.0
67.0 0.0 1.0
68.0 1.0 0.0
69.0 0.0 1.0
71.0 1.0 0.0
72.0 0.0 1.0
76.0 2.0 0.0
77.0 0.0 2.0
125.0 1.0 0.0
126.0 0.0 1.0
165.0 1.0 0.0
166.0 0.0 1.0
