# Value  before after
3.0 55.0 0.0
4.0 22.0 55.0
5.0 14.0 22.0
6.0 6.0 14.0
7.0 4.0 6.0
8.0 2.0 4.0
9.0 3.0 2.0
10.0 4.0 3.0
11.0 3.0 4.0
12.0 3.0 3.0
13.0 4.0 3.0
14.0 0.0 4.0
15.0 1.0 0.0
16.0 0.0 1.0
17.0 2.0 0.0
18.0 0.0 2.0
21.0 1.0 0.0
22.0 1.0 1.0
23.0 0.0 1.0
24.0 2.0 0.0
25.0 2.0 2.0
26.0 1.0 2.0
27.0 2.0 1.0
28.0 0.0 2.0
30.0 2.0 0.0
31.0 1.0 2.0
32.0 1.0 1.0
33.0 0.0 1.0
34.0 1.0 0.0
35.0 1.0 1.0
36.0 0.0 1.0
37.0 1.0 0.0
38.0 0.0 1.0
39.0 2.0 0.0
40.0 0.0 2.0
42.0 1.0 0.0
43.0 0.0 1.0
60.0 1.0 0.0
61.0 0.0 1.0
77.0 1.0 0.0
78.0 1.0 1.0
79.0 0.0 1.0
96.0 1.0 0.0
97.0 1.0 1.0
98.0 0.0 1.0
103.0 1.0 0.0
104.0 0.0 1.0
121.0 1.0 0.0
122.0 0.0 1.0
167.0 1.0 0.0
168.0 0.0 1.0
